4fgl_j2158.8-3013_sed.ecsv
# %ECSV 0.9
# ---
# datatype:
# - {name: e_min, unit: MeV, datatype: float64}
# - {name: e_ref, unit: MeV, datatype: float64}
# - {name: e_max, unit: MeV, datatype: float64}
# - {name: ref_dnde_e_min, unit: ph / (cm2 MeV s), datatype: float64}
# - {name: ref_dnde_e_max, unit: ph / (cm2 MeV s), datatype: float64}
# - {name: ref_dnde, unit: ph / (cm2 MeV s), datatype: float64}
# - {name: ref_flux, unit: ph / (cm2 s), datatype: float64}
# - {name: ref_eflux, unit: MeV / (cm2 s), datatype: float64}
# - {name: ref_npred, datatype: float64}
# - {name: dnde, unit: ph / (cm2 MeV s), datatype: float64}
# - {name: dnde_err, unit: ph / (cm2 MeV s), datatype: float64}
# - {name: dnde_errp, unit: ph / (cm2 MeV s), datatype: float64}
# - {name: dnde_errn, unit: ph / (cm2 MeV s), datatype: float64}
# - {name: dnde_ul, unit: ph / (cm2 MeV s), datatype: float64}
# - {name: e2dnde, unit: MeV / (cm2 s), datatype: float64}
# - {name: e2dnde_err, unit: MeV / (cm2 s), datatype: float64}
# - {name: e2dnde_errp, unit: MeV / (cm2 s), datatype: float64}
# - {name: e2dnde_errn, unit: MeV / (cm2 s), datatype: float64}
# - {name: e2dnde_ul, unit: MeV / (cm2 s), datatype: float64}
# - {name: norm, datatype: float64}
# - {name: norm_err, datatype: float64}
# - {name: norm_errp, datatype: float64}
# - {name: norm_errn, datatype: float64}
# - {name: norm_ul, datatype: float64}
# - {name: ts, datatype: float64}
# - {name: loglike, datatype: float64}
# meta: !!omap
# - {UL_CONF: 0.95}
# - {EXTNAME: SED}
# - {CONFIG: '{"bin_index": 2.0, "use_local_index": false, "free_background": false, "free_radius": null, "free_pars": [], "ul_confidence":
#     0.95, "cov_scale": 3.0, "make_plots": true, "write_fits": true, "write_npy": true, "optimizer": {"optimizer": "MINUIT", "tol": 0.001,
#     "max_iter": 100, "init_lambda": 0.0001, "retries": 3, "min_fit_quality": 2, "verbosity": 0}, "prefix": "", "outfile": null, "loge_bins":
#     []}'}
# - {SRCNAME: 4FGL J2158.8-3013}
# - {CREATOR: fermipy v1.0.1}
# - {STVER: 2.0.8}
# schema: astropy-2.0
e_min e_ref e_max ref_dnde_e_min ref_dnde_e_max ref_dnde ref_flux ref_eflux ref_npred dnde dnde_err dnde_errp dnde_errn dnde_ul e2dnde e2dnde_err e2dnde_errp e2dnde_errn e2dnde_ul norm norm_err norm_errp norm_errn norm_ul ts loglike
100.0 133.10212833399765 177.16176567039997 1e-11 3.186104382755579e-12 5.644558780591789e-12 4.3554533312428365e-10 5.718930595469311e-08 2.8148646117439426 7.762855175408869e-10 8.706247981053219e-11 8.803491301047137e-11 8.609004661059301e-11 9.21047423737603e-10 1.3752811295190364e-05 1.542414264687742e-06 1.5596420629575159e-06 1.5251864664179676e-06 1.6317438785552665e-05 137.5281129519036 15.424142646877417 15.596420629575158 15.251864664179674 163.17438785552665 100.58090230030757 -6879.154230634307
177.16176567039997 235.80336589918846 313.8556852771122 3.186104382755579e-12 1.015172863143009e-12 1.79845675747694e-12 2.458387870068757e-10 5.718700336960003e-08 2.582819518239903 2.4919729587560906e-10 2.3355541357564144e-11 2.3767428345624217e-11 2.2943654369504074e-11 2.882048816927525e-10 1.3856173902407786e-05 1.2986434764397504e-06 1.3215457222873464e-06 1.2757412305921544e-06 1.602512156572927e-05 138.56173902407778 12.986434764397504 13.215457222873464 12.757412305921545 160.25121565729273 175.49662412637917 -6147.285072249169
313.8556852771122 417.74859700109005 556.0322736938655 1.015172863143009e-12 3.2344467085144715e-13 5.730202898472363e-13 1.3877248479336243e-10 5.71893059546931e-08 1.9888968534576081 1.1816617003543858e-10 7.872645075286093e-12 8.062562571700817e-12 7.682727578871368e-12 1.315037366130794e-10 2.0621638034307812e-05 1.3738859190108066e-06 1.4070291601454889e-06 1.3407426778761243e-06 2.2949228664858878e-05 206.21638034307801 13.73885919010807 14.07029160145489 13.407426778761247 229.49228664858882 526.0887662765708 -4836.015788540227
556.0322736938655 740.0822699493941 985.0539118076568 3.2344467085144715e-13 1.0305759420619742e-13 1.825744495726758e-13 7.832860723546157e-11 5.718700336960004e-08 1.3951751556988077 3.5553327981535336e-11 2.6100269962193922e-12 2.6898024884477688e-12 2.5302515039910153e-12 4.003920839771884e-11 1.9473331599656796e-05 1.4295685964428676e-06 1.4732633699531231e-06 1.3858738229326117e-06 2.1930345944590013e-05 194.7333159965679 14.295685964428674 14.732633699531231 13.858738229326116 219.3034594459001 592.6613583565959 -3453.478771297633
985.0539118076568 1311.1277218532928 1745.1389029637912 1.0305759420619742e-13 3.2835225257661103e-14 5.817146482832558e-14 4.421538028563554e-11 5.718930595469324e-08 0.9052245865315349 1.477100530571177e-11 1.0553525423176217e-12 1.0908328419234926e-12 1.0198722427117509e-12 1.6595969018060967e-11 2.539218386420842e-05 1.8142100176300457e-06 1.8752026361081599e-06 1.753217399151932e-06 2.8529398506705378e-05 253.92183864208428 18.142100176300463 18.752026361081604 17.532173991519326 285.2939850670539 998.2042696700828 -1966.3261281539944
1745.1389029637912 2322.7902799640806 3091.647705252925 3.2835225257661103e-14 1.0462127297893559e-14 1.8534462670945173e-14 2.4956886527737388e-11 5.718700336960004e-08 0.5488055912583807 4.338032782871784e-12 4.0480670475552736e-13 4.2159211471074e-13 3.880212948003147e-13 5.046110107062532e-12 2.340522549743042e-05 2.184075750898928e-06 2.274638991135321e-06 2.093512510662535e-06 2.7225553805629706e-05 234.05225497430422 21.840757508989284 22.746389911353212 20.935125106625353 272.2555380562971 676.2810476428567 -1204.821188995774
3091.647705252925 4115.048896280841 5477.217662934485 1.0462127297893559e-14 3.333342963676546e-15 5.905409250299413e-15 1.4087806071314719e-11 5.7189305954693096e-08 0.31261823458752147 1.75529213597494e-12 1.8647003240159003e-13 1.9511918737752233e-13 1.7782087742565774e-13 2.0842607281022087e-12 2.9723463041717965e-05 3.157614053456765e-06 3.3040756213065084e-06 3.011152485607022e-06 3.529409461328245e-05 297.2346304171796 31.57614053456765 33.04075621306508 30.111524856070215 352.9409461328245 724.1206036524463 -705.2142086954846
5477.217662934485 7290.293282851452 9703.53552126575 3.333342963676546e-15 1.062037862579731e-15 1.8815250294344255e-15 7.951944945911362e-12 5.718930595469305e-08 0.17572799368212877 5.753246001697533e-13 7.94871394206423e-14 8.37744635114845e-14 7.51998153298001e-14 7.168082644818184e-13 3.057756825816408e-05 4.224612385014915e-06 4.452476698471907e-06 3.996748071557924e-06 3.809719526810048e-05 305.7756825816409 42.24612385014917 44.52476698471908 39.967480715579256 380.97195268100495 464.84531334788016 -392.4707206061845
9703.53552126575 12915.463606824382 17190.559030122055 1.062037862579731e-15 3.3839193202731224e-16 5.994873178012294e-16 4.48838812213945e-12 5.718700336960004e-08 0.09976993876845519 2.2324952309631898e-13 3.6877036248947115e-14 3.923554183497333e-14 3.45185306629209e-14 2.905522803757585e-13 3.724007438808594e-05 6.15142892166642e-06 6.5448493520896405e-06 5.758008491243201e-06 4.8466793499724417e-05 372.4007438808594 61.51428921666421 65.4484935208964 57.580084912432014 484.6679349972442 342.99737798473734 -253.89611302526515
17190.559030122055 22880.999941604678 30455.09790637665 3.3839193202731224e-16 1.0781520177213448e-16 1.9100731512061845e-16 2.5336310026980686e-12 5.718930595469325e-08 0.056557304935100916 4.9578412868707226e-14 1.301459340834811e-14 1.4010540961240203e-14 1.2018645855456019e-14 7.419004935171902e-14 2.5956290122919717e-05 6.8136622935773825e-06 7.335080833104608e-06 6.2922437540501585e-06 3.8841470183939834e-05 259.56290122919705 68.13662293577383 73.35080833104608 62.92243754050159 388.41470183939833 167.84917406744754 -116.25792337319989
30455.09790637665 40535.916809914735 53953.54684695612 1.0781520177213448e-16 3.4352630650066025e-17 6.085832568301956e-17 1.4300802351808671e-12 5.718700336960009e-08 0.03259160978250897 2.044879816694352e-14 6.156329028794967e-15 6.682732133745786e-15 5.6299259238441455e-15 3.234190817133513e-14 3.3600658475967664e-05 1.0115837002910976e-05 1.0980801819216618e-05 9.250872186605332e-06 5.314294767126502e-05 336.0065847596767 101.15837002910976 109.80801819216619 92.50872186605332 531.4294767126503 133.74843383417752 -39.97517923427233
53953.54684695612 71813.31916497908 95585.05623587378 3.4352630650066025e-17 1.094510670733592e-17 1.9390544297225673e-17 8.072598718296403e-13 5.718930595469299e-08 0.018511989191889455 4.133176105923957e-15 2.0961908771514916e-15 2.3521936915425404e-15 1.8401880627604432e-15 8.574370625478425e-15 2.1315420766787435e-05 1.0810376671331536e-05 1.2130622304805974e-05 9.4901310378571e-06 4.421933956080446e-05 213.1542076678744 108.10376671331535 121.30622304805973 94.90131037857098 442.19339560804457 35.21083673942945 -35.02069271983579
95585.05623587378 127225.7442191968 169340.1733445189 1.094510670733592e-17 3.48722524499704e-18 6.178029816940679e-18 4.556625797755414e-13 5.7189305954693235e-08 0.01033558869050566 2.390499685292491e-15 1.1912765309039647e-15 1.3366178079687682e-15 1.0459352538391615e-15 4.913481298194401e-15 3.869356018220468e-05 1.928246651768148e-05 2.1635017110206388e-05 1.6929915925156574e-05 7.953152451160434e-05 386.93560182204675 192.8246651768148 216.35017110206385 169.29915925156573 795.3152451160433 57.291166862263594 -27.202490486319547
169340.1733445189 225392.77990082273 299999.133271615 3.48722524499704e-18 1.1111175313491934e-18 1.9684301119114433e-18 2.5719374626952447e-13 5.71870033696001e-08 0.005778420786869631 6.743603170861748e-16 4.808727584664491e-16 5.618332275276766e-16 3.9991228940522176e-16 1.8004769386831515e-15 3.4258788920442676e-05 2.4429252303984413e-05 2.8542198380724258e-05 2.0316306227244568e-05 9.146765881033995e-05 342.5878892044265 244.2925230398441 285.42198380724255 203.16306227244567 914.6765881033995 31.719250920110298 -24.6706249824407
